{
 "cells": [
  {
   "cell_type": "code",
   "execution_count": 1,
   "id": "bbda2e8f-d5a4-4cde-9e99-c2eeaa05d77e",
   "metadata": {
    "tags": []
   },
   "outputs": [],
   "source": [
    "import numpy as np\n",
    "import pandas as pd\n",
    "\n",
    "from sklearn.datasets import load_wine\n",
    "from sklearn.preprocessing import StandardScaler"
   ]
  },
  {
   "cell_type": "markdown",
   "id": "99ebcc21-7c59-41c4-9502-20d4bf99acc1",
   "metadata": {},
   "source": [
    "## ワインデータセットの読込"
   ]
  },
  {
   "cell_type": "code",
   "execution_count": 3,
   "id": "2ec0f95f-47ad-4092-9ce7-faa771a43a5f",
   "metadata": {
    "tags": []
   },
   "outputs": [
    {
     "data": {
      "text/html": [
       "<div>\n",
       "<style scoped>\n",
       "    .dataframe tbody tr th:only-of-type {\n",
       "        vertical-align: middle;\n",
       "    }\n",
       "\n",
       "    .dataframe tbody tr th {\n",
       "        vertical-align: top;\n",
       "    }\n",
       "\n",
       "    .dataframe thead th {\n",
       "        text-align: right;\n",
       "    }\n",
       "</style>\n",
       "<table border=\"1\" class=\"dataframe\">\n",
       "  <thead>\n",
       "    <tr style=\"text-align: right;\">\n",
       "      <th></th>\n",
       "      <th>alcohol</th>\n",
       "      <th>malic_acid</th>\n",
       "      <th>ash</th>\n",
       "      <th>alcalinity_of_ash</th>\n",
       "      <th>magnesium</th>\n",
       "      <th>total_phenols</th>\n",
       "      <th>flavanoids</th>\n",
       "      <th>nonflavanoid_phenols</th>\n",
       "      <th>proanthocyanins</th>\n",
       "      <th>color_intensity</th>\n",
       "      <th>hue</th>\n",
       "      <th>od280/od315_of_diluted_wines</th>\n",
       "      <th>proline</th>\n",
       "    </tr>\n",
       "  </thead>\n",
       "  <tbody>\n",
       "    <tr>\n",
       "      <th>0</th>\n",
       "      <td>14.23</td>\n",
       "      <td>1.71</td>\n",
       "      <td>2.43</td>\n",
       "      <td>15.6</td>\n",
       "      <td>127.0</td>\n",
       "      <td>2.80</td>\n",
       "      <td>3.06</td>\n",
       "      <td>0.28</td>\n",
       "      <td>2.29</td>\n",
       "      <td>5.64</td>\n",
       "      <td>1.04</td>\n",
       "      <td>3.92</td>\n",
       "      <td>1065.0</td>\n",
       "    </tr>\n",
       "    <tr>\n",
       "      <th>1</th>\n",
       "      <td>13.20</td>\n",
       "      <td>1.78</td>\n",
       "      <td>2.14</td>\n",
       "      <td>11.2</td>\n",
       "      <td>100.0</td>\n",
       "      <td>2.65</td>\n",
       "      <td>2.76</td>\n",
       "      <td>0.26</td>\n",
       "      <td>1.28</td>\n",
       "      <td>4.38</td>\n",
       "      <td>1.05</td>\n",
       "      <td>3.40</td>\n",
       "      <td>1050.0</td>\n",
       "    </tr>\n",
       "    <tr>\n",
       "      <th>2</th>\n",
       "      <td>13.16</td>\n",
       "      <td>2.36</td>\n",
       "      <td>2.67</td>\n",
       "      <td>18.6</td>\n",
       "      <td>101.0</td>\n",
       "      <td>2.80</td>\n",
       "      <td>3.24</td>\n",
       "      <td>0.30</td>\n",
       "      <td>2.81</td>\n",
       "      <td>5.68</td>\n",
       "      <td>1.03</td>\n",
       "      <td>3.17</td>\n",
       "      <td>1185.0</td>\n",
       "    </tr>\n",
       "    <tr>\n",
       "      <th>3</th>\n",
       "      <td>14.37</td>\n",
       "      <td>1.95</td>\n",
       "      <td>2.50</td>\n",
       "      <td>16.8</td>\n",
       "      <td>113.0</td>\n",
       "      <td>3.85</td>\n",
       "      <td>3.49</td>\n",
       "      <td>0.24</td>\n",
       "      <td>2.18</td>\n",
       "      <td>7.80</td>\n",
       "      <td>0.86</td>\n",
       "      <td>3.45</td>\n",
       "      <td>1480.0</td>\n",
       "    </tr>\n",
       "    <tr>\n",
       "      <th>4</th>\n",
       "      <td>13.24</td>\n",
       "      <td>2.59</td>\n",
       "      <td>2.87</td>\n",
       "      <td>21.0</td>\n",
       "      <td>118.0</td>\n",
       "      <td>2.80</td>\n",
       "      <td>2.69</td>\n",
       "      <td>0.39</td>\n",
       "      <td>1.82</td>\n",
       "      <td>4.32</td>\n",
       "      <td>1.04</td>\n",
       "      <td>2.93</td>\n",
       "      <td>735.0</td>\n",
       "    </tr>\n",
       "    <tr>\n",
       "      <th>...</th>\n",
       "      <td>...</td>\n",
       "      <td>...</td>\n",
       "      <td>...</td>\n",
       "      <td>...</td>\n",
       "      <td>...</td>\n",
       "      <td>...</td>\n",
       "      <td>...</td>\n",
       "      <td>...</td>\n",
       "      <td>...</td>\n",
       "      <td>...</td>\n",
       "      <td>...</td>\n",
       "      <td>...</td>\n",
       "      <td>...</td>\n",
       "    </tr>\n",
       "    <tr>\n",
       "      <th>173</th>\n",
       "      <td>13.71</td>\n",
       "      <td>5.65</td>\n",
       "      <td>2.45</td>\n",
       "      <td>20.5</td>\n",
       "      <td>95.0</td>\n",
       "      <td>1.68</td>\n",
       "      <td>0.61</td>\n",
       "      <td>0.52</td>\n",
       "      <td>1.06</td>\n",
       "      <td>7.70</td>\n",
       "      <td>0.64</td>\n",
       "      <td>1.74</td>\n",
       "      <td>740.0</td>\n",
       "    </tr>\n",
       "    <tr>\n",
       "      <th>174</th>\n",
       "      <td>13.40</td>\n",
       "      <td>3.91</td>\n",
       "      <td>2.48</td>\n",
       "      <td>23.0</td>\n",
       "      <td>102.0</td>\n",
       "      <td>1.80</td>\n",
       "      <td>0.75</td>\n",
       "      <td>0.43</td>\n",
       "      <td>1.41</td>\n",
       "      <td>7.30</td>\n",
       "      <td>0.70</td>\n",
       "      <td>1.56</td>\n",
       "      <td>750.0</td>\n",
       "    </tr>\n",
       "    <tr>\n",
       "      <th>175</th>\n",
       "      <td>13.27</td>\n",
       "      <td>4.28</td>\n",
       "      <td>2.26</td>\n",
       "      <td>20.0</td>\n",
       "      <td>120.0</td>\n",
       "      <td>1.59</td>\n",
       "      <td>0.69</td>\n",
       "      <td>0.43</td>\n",
       "      <td>1.35</td>\n",
       "      <td>10.20</td>\n",
       "      <td>0.59</td>\n",
       "      <td>1.56</td>\n",
       "      <td>835.0</td>\n",
       "    </tr>\n",
       "    <tr>\n",
       "      <th>176</th>\n",
       "      <td>13.17</td>\n",
       "      <td>2.59</td>\n",
       "      <td>2.37</td>\n",
       "      <td>20.0</td>\n",
       "      <td>120.0</td>\n",
       "      <td>1.65</td>\n",
       "      <td>0.68</td>\n",
       "      <td>0.53</td>\n",
       "      <td>1.46</td>\n",
       "      <td>9.30</td>\n",
       "      <td>0.60</td>\n",
       "      <td>1.62</td>\n",
       "      <td>840.0</td>\n",
       "    </tr>\n",
       "    <tr>\n",
       "      <th>177</th>\n",
       "      <td>14.13</td>\n",
       "      <td>4.10</td>\n",
       "      <td>2.74</td>\n",
       "      <td>24.5</td>\n",
       "      <td>96.0</td>\n",
       "      <td>2.05</td>\n",
       "      <td>0.76</td>\n",
       "      <td>0.56</td>\n",
       "      <td>1.35</td>\n",
       "      <td>9.20</td>\n",
       "      <td>0.61</td>\n",
       "      <td>1.60</td>\n",
       "      <td>560.0</td>\n",
       "    </tr>\n",
       "  </tbody>\n",
       "</table>\n",
       "<p>178 rows × 13 columns</p>\n",
       "</div>"
      ],
      "text/plain": [
       "     alcohol  malic_acid   ash  alcalinity_of_ash  magnesium  total_phenols   \n",
       "0      14.23        1.71  2.43               15.6      127.0           2.80  \\\n",
       "1      13.20        1.78  2.14               11.2      100.0           2.65   \n",
       "2      13.16        2.36  2.67               18.6      101.0           2.80   \n",
       "3      14.37        1.95  2.50               16.8      113.0           3.85   \n",
       "4      13.24        2.59  2.87               21.0      118.0           2.80   \n",
       "..       ...         ...   ...                ...        ...            ...   \n",
       "173    13.71        5.65  2.45               20.5       95.0           1.68   \n",
       "174    13.40        3.91  2.48               23.0      102.0           1.80   \n",
       "175    13.27        4.28  2.26               20.0      120.0           1.59   \n",
       "176    13.17        2.59  2.37               20.0      120.0           1.65   \n",
       "177    14.13        4.10  2.74               24.5       96.0           2.05   \n",
       "\n",
       "     flavanoids  nonflavanoid_phenols  proanthocyanins  color_intensity   hue   \n",
       "0          3.06                  0.28             2.29             5.64  1.04  \\\n",
       "1          2.76                  0.26             1.28             4.38  1.05   \n",
       "2          3.24                  0.30             2.81             5.68  1.03   \n",
       "3          3.49                  0.24             2.18             7.80  0.86   \n",
       "4          2.69                  0.39             1.82             4.32  1.04   \n",
       "..          ...                   ...              ...              ...   ...   \n",
       "173        0.61                  0.52             1.06             7.70  0.64   \n",
       "174        0.75                  0.43             1.41             7.30  0.70   \n",
       "175        0.69                  0.43             1.35            10.20  0.59   \n",
       "176        0.68                  0.53             1.46             9.30  0.60   \n",
       "177        0.76                  0.56             1.35             9.20  0.61   \n",
       "\n",
       "     od280/od315_of_diluted_wines  proline  \n",
       "0                            3.92   1065.0  \n",
       "1                            3.40   1050.0  \n",
       "2                            3.17   1185.0  \n",
       "3                            3.45   1480.0  \n",
       "4                            2.93    735.0  \n",
       "..                            ...      ...  \n",
       "173                          1.74    740.0  \n",
       "174                          1.56    750.0  \n",
       "175                          1.56    835.0  \n",
       "176                          1.62    840.0  \n",
       "177                          1.60    560.0  \n",
       "\n",
       "[178 rows x 13 columns]"
      ]
     },
     "execution_count": 3,
     "metadata": {},
     "output_type": "execute_result"
    }
   ],
   "source": [
    "wine = load_wine()  # Wineデータセットの読み込み\n",
    "\n",
    "df_wine = pd.DataFrame(wine.data, columns=wine.feature_names)\n",
    "\n",
    "df_wine"
   ]
  },
  {
   "cell_type": "markdown",
   "id": "dd07c059-ce9e-4d82-88b2-e9aa5ec26c9b",
   "metadata": {},
   "source": [
    "## 基本統計量"
   ]
  },
  {
   "cell_type": "code",
   "execution_count": 4,
   "id": "393333c6-8904-4a4a-a06f-aa1288432efa",
   "metadata": {
    "tags": []
   },
   "outputs": [
    {
     "data": {
      "text/html": [
       "<div>\n",
       "<style scoped>\n",
       "    .dataframe tbody tr th:only-of-type {\n",
       "        vertical-align: middle;\n",
       "    }\n",
       "\n",
       "    .dataframe tbody tr th {\n",
       "        vertical-align: top;\n",
       "    }\n",
       "\n",
       "    .dataframe thead th {\n",
       "        text-align: right;\n",
       "    }\n",
       "</style>\n",
       "<table border=\"1\" class=\"dataframe\">\n",
       "  <thead>\n",
       "    <tr style=\"text-align: right;\">\n",
       "      <th></th>\n",
       "      <th>alcohol</th>\n",
       "      <th>malic_acid</th>\n",
       "      <th>ash</th>\n",
       "      <th>alcalinity_of_ash</th>\n",
       "      <th>magnesium</th>\n",
       "      <th>total_phenols</th>\n",
       "      <th>flavanoids</th>\n",
       "      <th>nonflavanoid_phenols</th>\n",
       "      <th>proanthocyanins</th>\n",
       "      <th>color_intensity</th>\n",
       "      <th>hue</th>\n",
       "      <th>od280/od315_of_diluted_wines</th>\n",
       "      <th>proline</th>\n",
       "    </tr>\n",
       "  </thead>\n",
       "  <tbody>\n",
       "    <tr>\n",
       "      <th>count</th>\n",
       "      <td>178.000000</td>\n",
       "      <td>178.000000</td>\n",
       "      <td>178.000000</td>\n",
       "      <td>178.000000</td>\n",
       "      <td>178.000000</td>\n",
       "      <td>178.000000</td>\n",
       "      <td>178.000000</td>\n",
       "      <td>178.000000</td>\n",
       "      <td>178.000000</td>\n",
       "      <td>178.000000</td>\n",
       "      <td>178.000000</td>\n",
       "      <td>178.000000</td>\n",
       "      <td>178.000000</td>\n",
       "    </tr>\n",
       "    <tr>\n",
       "      <th>mean</th>\n",
       "      <td>13.000618</td>\n",
       "      <td>2.336348</td>\n",
       "      <td>2.366517</td>\n",
       "      <td>19.494944</td>\n",
       "      <td>99.741573</td>\n",
       "      <td>2.295112</td>\n",
       "      <td>2.029270</td>\n",
       "      <td>0.361854</td>\n",
       "      <td>1.590899</td>\n",
       "      <td>5.058090</td>\n",
       "      <td>0.957449</td>\n",
       "      <td>2.611685</td>\n",
       "      <td>746.893258</td>\n",
       "    </tr>\n",
       "    <tr>\n",
       "      <th>std</th>\n",
       "      <td>0.811827</td>\n",
       "      <td>1.117146</td>\n",
       "      <td>0.274344</td>\n",
       "      <td>3.339564</td>\n",
       "      <td>14.282484</td>\n",
       "      <td>0.625851</td>\n",
       "      <td>0.998859</td>\n",
       "      <td>0.124453</td>\n",
       "      <td>0.572359</td>\n",
       "      <td>2.318286</td>\n",
       "      <td>0.228572</td>\n",
       "      <td>0.709990</td>\n",
       "      <td>314.907474</td>\n",
       "    </tr>\n",
       "    <tr>\n",
       "      <th>min</th>\n",
       "      <td>11.030000</td>\n",
       "      <td>0.740000</td>\n",
       "      <td>1.360000</td>\n",
       "      <td>10.600000</td>\n",
       "      <td>70.000000</td>\n",
       "      <td>0.980000</td>\n",
       "      <td>0.340000</td>\n",
       "      <td>0.130000</td>\n",
       "      <td>0.410000</td>\n",
       "      <td>1.280000</td>\n",
       "      <td>0.480000</td>\n",
       "      <td>1.270000</td>\n",
       "      <td>278.000000</td>\n",
       "    </tr>\n",
       "    <tr>\n",
       "      <th>25%</th>\n",
       "      <td>12.362500</td>\n",
       "      <td>1.602500</td>\n",
       "      <td>2.210000</td>\n",
       "      <td>17.200000</td>\n",
       "      <td>88.000000</td>\n",
       "      <td>1.742500</td>\n",
       "      <td>1.205000</td>\n",
       "      <td>0.270000</td>\n",
       "      <td>1.250000</td>\n",
       "      <td>3.220000</td>\n",
       "      <td>0.782500</td>\n",
       "      <td>1.937500</td>\n",
       "      <td>500.500000</td>\n",
       "    </tr>\n",
       "    <tr>\n",
       "      <th>50%</th>\n",
       "      <td>13.050000</td>\n",
       "      <td>1.865000</td>\n",
       "      <td>2.360000</td>\n",
       "      <td>19.500000</td>\n",
       "      <td>98.000000</td>\n",
       "      <td>2.355000</td>\n",
       "      <td>2.135000</td>\n",
       "      <td>0.340000</td>\n",
       "      <td>1.555000</td>\n",
       "      <td>4.690000</td>\n",
       "      <td>0.965000</td>\n",
       "      <td>2.780000</td>\n",
       "      <td>673.500000</td>\n",
       "    </tr>\n",
       "    <tr>\n",
       "      <th>75%</th>\n",
       "      <td>13.677500</td>\n",
       "      <td>3.082500</td>\n",
       "      <td>2.557500</td>\n",
       "      <td>21.500000</td>\n",
       "      <td>107.000000</td>\n",
       "      <td>2.800000</td>\n",
       "      <td>2.875000</td>\n",
       "      <td>0.437500</td>\n",
       "      <td>1.950000</td>\n",
       "      <td>6.200000</td>\n",
       "      <td>1.120000</td>\n",
       "      <td>3.170000</td>\n",
       "      <td>985.000000</td>\n",
       "    </tr>\n",
       "    <tr>\n",
       "      <th>max</th>\n",
       "      <td>14.830000</td>\n",
       "      <td>5.800000</td>\n",
       "      <td>3.230000</td>\n",
       "      <td>30.000000</td>\n",
       "      <td>162.000000</td>\n",
       "      <td>3.880000</td>\n",
       "      <td>5.080000</td>\n",
       "      <td>0.660000</td>\n",
       "      <td>3.580000</td>\n",
       "      <td>13.000000</td>\n",
       "      <td>1.710000</td>\n",
       "      <td>4.000000</td>\n",
       "      <td>1680.000000</td>\n",
       "    </tr>\n",
       "  </tbody>\n",
       "</table>\n",
       "</div>"
      ],
      "text/plain": [
       "          alcohol  malic_acid         ash  alcalinity_of_ash   magnesium   \n",
       "count  178.000000  178.000000  178.000000         178.000000  178.000000  \\\n",
       "mean    13.000618    2.336348    2.366517          19.494944   99.741573   \n",
       "std      0.811827    1.117146    0.274344           3.339564   14.282484   \n",
       "min     11.030000    0.740000    1.360000          10.600000   70.000000   \n",
       "25%     12.362500    1.602500    2.210000          17.200000   88.000000   \n",
       "50%     13.050000    1.865000    2.360000          19.500000   98.000000   \n",
       "75%     13.677500    3.082500    2.557500          21.500000  107.000000   \n",
       "max     14.830000    5.800000    3.230000          30.000000  162.000000   \n",
       "\n",
       "       total_phenols  flavanoids  nonflavanoid_phenols  proanthocyanins   \n",
       "count     178.000000  178.000000            178.000000       178.000000  \\\n",
       "mean        2.295112    2.029270              0.361854         1.590899   \n",
       "std         0.625851    0.998859              0.124453         0.572359   \n",
       "min         0.980000    0.340000              0.130000         0.410000   \n",
       "25%         1.742500    1.205000              0.270000         1.250000   \n",
       "50%         2.355000    2.135000              0.340000         1.555000   \n",
       "75%         2.800000    2.875000              0.437500         1.950000   \n",
       "max         3.880000    5.080000              0.660000         3.580000   \n",
       "\n",
       "       color_intensity         hue  od280/od315_of_diluted_wines      proline  \n",
       "count       178.000000  178.000000                    178.000000   178.000000  \n",
       "mean          5.058090    0.957449                      2.611685   746.893258  \n",
       "std           2.318286    0.228572                      0.709990   314.907474  \n",
       "min           1.280000    0.480000                      1.270000   278.000000  \n",
       "25%           3.220000    0.782500                      1.937500   500.500000  \n",
       "50%           4.690000    0.965000                      2.780000   673.500000  \n",
       "75%           6.200000    1.120000                      3.170000   985.000000  \n",
       "max          13.000000    1.710000                      4.000000  1680.000000  "
      ]
     },
     "execution_count": 4,
     "metadata": {},
     "output_type": "execute_result"
    }
   ],
   "source": [
    "df_wine.describe()"
   ]
  },
  {
   "cell_type": "markdown",
   "id": "7f3c8c3d-de85-4cf2-843f-0ba746dc998d",
   "metadata": {},
   "source": [
    "## 相関行列"
   ]
  },
  {
   "cell_type": "code",
   "execution_count": 5,
   "id": "518d2f26-466e-406b-9d1d-97c2befcccc4",
   "metadata": {
    "tags": []
   },
   "outputs": [
    {
     "data": {
      "text/html": [
       "<div>\n",
       "<style scoped>\n",
       "    .dataframe tbody tr th:only-of-type {\n",
       "        vertical-align: middle;\n",
       "    }\n",
       "\n",
       "    .dataframe tbody tr th {\n",
       "        vertical-align: top;\n",
       "    }\n",
       "\n",
       "    .dataframe thead th {\n",
       "        text-align: right;\n",
       "    }\n",
       "</style>\n",
       "<table border=\"1\" class=\"dataframe\">\n",
       "  <thead>\n",
       "    <tr style=\"text-align: right;\">\n",
       "      <th></th>\n",
       "      <th>alcohol</th>\n",
       "      <th>malic_acid</th>\n",
       "      <th>ash</th>\n",
       "      <th>alcalinity_of_ash</th>\n",
       "      <th>magnesium</th>\n",
       "      <th>total_phenols</th>\n",
       "      <th>flavanoids</th>\n",
       "      <th>nonflavanoid_phenols</th>\n",
       "      <th>proanthocyanins</th>\n",
       "      <th>color_intensity</th>\n",
       "      <th>hue</th>\n",
       "      <th>od280/od315_of_diluted_wines</th>\n",
       "      <th>proline</th>\n",
       "    </tr>\n",
       "  </thead>\n",
       "  <tbody>\n",
       "    <tr>\n",
       "      <th>alcohol</th>\n",
       "      <td>1.000000</td>\n",
       "      <td>0.094397</td>\n",
       "      <td>0.211545</td>\n",
       "      <td>-0.310235</td>\n",
       "      <td>0.270798</td>\n",
       "      <td>0.289101</td>\n",
       "      <td>0.236815</td>\n",
       "      <td>-0.155929</td>\n",
       "      <td>0.136698</td>\n",
       "      <td>0.546364</td>\n",
       "      <td>-0.071747</td>\n",
       "      <td>0.072343</td>\n",
       "      <td>0.643720</td>\n",
       "    </tr>\n",
       "    <tr>\n",
       "      <th>malic_acid</th>\n",
       "      <td>0.094397</td>\n",
       "      <td>1.000000</td>\n",
       "      <td>0.164045</td>\n",
       "      <td>0.288500</td>\n",
       "      <td>-0.054575</td>\n",
       "      <td>-0.335167</td>\n",
       "      <td>-0.411007</td>\n",
       "      <td>0.292977</td>\n",
       "      <td>-0.220746</td>\n",
       "      <td>0.248985</td>\n",
       "      <td>-0.561296</td>\n",
       "      <td>-0.368710</td>\n",
       "      <td>-0.192011</td>\n",
       "    </tr>\n",
       "    <tr>\n",
       "      <th>ash</th>\n",
       "      <td>0.211545</td>\n",
       "      <td>0.164045</td>\n",
       "      <td>1.000000</td>\n",
       "      <td>0.443367</td>\n",
       "      <td>0.286587</td>\n",
       "      <td>0.128980</td>\n",
       "      <td>0.115077</td>\n",
       "      <td>0.186230</td>\n",
       "      <td>0.009652</td>\n",
       "      <td>0.258887</td>\n",
       "      <td>-0.074667</td>\n",
       "      <td>0.003911</td>\n",
       "      <td>0.223626</td>\n",
       "    </tr>\n",
       "    <tr>\n",
       "      <th>alcalinity_of_ash</th>\n",
       "      <td>-0.310235</td>\n",
       "      <td>0.288500</td>\n",
       "      <td>0.443367</td>\n",
       "      <td>1.000000</td>\n",
       "      <td>-0.083333</td>\n",
       "      <td>-0.321113</td>\n",
       "      <td>-0.351370</td>\n",
       "      <td>0.361922</td>\n",
       "      <td>-0.197327</td>\n",
       "      <td>0.018732</td>\n",
       "      <td>-0.273955</td>\n",
       "      <td>-0.276769</td>\n",
       "      <td>-0.440597</td>\n",
       "    </tr>\n",
       "    <tr>\n",
       "      <th>magnesium</th>\n",
       "      <td>0.270798</td>\n",
       "      <td>-0.054575</td>\n",
       "      <td>0.286587</td>\n",
       "      <td>-0.083333</td>\n",
       "      <td>1.000000</td>\n",
       "      <td>0.214401</td>\n",
       "      <td>0.195784</td>\n",
       "      <td>-0.256294</td>\n",
       "      <td>0.236441</td>\n",
       "      <td>0.199950</td>\n",
       "      <td>0.055398</td>\n",
       "      <td>0.066004</td>\n",
       "      <td>0.393351</td>\n",
       "    </tr>\n",
       "    <tr>\n",
       "      <th>total_phenols</th>\n",
       "      <td>0.289101</td>\n",
       "      <td>-0.335167</td>\n",
       "      <td>0.128980</td>\n",
       "      <td>-0.321113</td>\n",
       "      <td>0.214401</td>\n",
       "      <td>1.000000</td>\n",
       "      <td>0.864564</td>\n",
       "      <td>-0.449935</td>\n",
       "      <td>0.612413</td>\n",
       "      <td>-0.055136</td>\n",
       "      <td>0.433681</td>\n",
       "      <td>0.699949</td>\n",
       "      <td>0.498115</td>\n",
       "    </tr>\n",
       "    <tr>\n",
       "      <th>flavanoids</th>\n",
       "      <td>0.236815</td>\n",
       "      <td>-0.411007</td>\n",
       "      <td>0.115077</td>\n",
       "      <td>-0.351370</td>\n",
       "      <td>0.195784</td>\n",
       "      <td>0.864564</td>\n",
       "      <td>1.000000</td>\n",
       "      <td>-0.537900</td>\n",
       "      <td>0.652692</td>\n",
       "      <td>-0.172379</td>\n",
       "      <td>0.543479</td>\n",
       "      <td>0.787194</td>\n",
       "      <td>0.494193</td>\n",
       "    </tr>\n",
       "    <tr>\n",
       "      <th>nonflavanoid_phenols</th>\n",
       "      <td>-0.155929</td>\n",
       "      <td>0.292977</td>\n",
       "      <td>0.186230</td>\n",
       "      <td>0.361922</td>\n",
       "      <td>-0.256294</td>\n",
       "      <td>-0.449935</td>\n",
       "      <td>-0.537900</td>\n",
       "      <td>1.000000</td>\n",
       "      <td>-0.365845</td>\n",
       "      <td>0.139057</td>\n",
       "      <td>-0.262640</td>\n",
       "      <td>-0.503270</td>\n",
       "      <td>-0.311385</td>\n",
       "    </tr>\n",
       "    <tr>\n",
       "      <th>proanthocyanins</th>\n",
       "      <td>0.136698</td>\n",
       "      <td>-0.220746</td>\n",
       "      <td>0.009652</td>\n",
       "      <td>-0.197327</td>\n",
       "      <td>0.236441</td>\n",
       "      <td>0.612413</td>\n",
       "      <td>0.652692</td>\n",
       "      <td>-0.365845</td>\n",
       "      <td>1.000000</td>\n",
       "      <td>-0.025250</td>\n",
       "      <td>0.295544</td>\n",
       "      <td>0.519067</td>\n",
       "      <td>0.330417</td>\n",
       "    </tr>\n",
       "    <tr>\n",
       "      <th>color_intensity</th>\n",
       "      <td>0.546364</td>\n",
       "      <td>0.248985</td>\n",
       "      <td>0.258887</td>\n",
       "      <td>0.018732</td>\n",
       "      <td>0.199950</td>\n",
       "      <td>-0.055136</td>\n",
       "      <td>-0.172379</td>\n",
       "      <td>0.139057</td>\n",
       "      <td>-0.025250</td>\n",
       "      <td>1.000000</td>\n",
       "      <td>-0.521813</td>\n",
       "      <td>-0.428815</td>\n",
       "      <td>0.316100</td>\n",
       "    </tr>\n",
       "    <tr>\n",
       "      <th>hue</th>\n",
       "      <td>-0.071747</td>\n",
       "      <td>-0.561296</td>\n",
       "      <td>-0.074667</td>\n",
       "      <td>-0.273955</td>\n",
       "      <td>0.055398</td>\n",
       "      <td>0.433681</td>\n",
       "      <td>0.543479</td>\n",
       "      <td>-0.262640</td>\n",
       "      <td>0.295544</td>\n",
       "      <td>-0.521813</td>\n",
       "      <td>1.000000</td>\n",
       "      <td>0.565468</td>\n",
       "      <td>0.236183</td>\n",
       "    </tr>\n",
       "    <tr>\n",
       "      <th>od280/od315_of_diluted_wines</th>\n",
       "      <td>0.072343</td>\n",
       "      <td>-0.368710</td>\n",
       "      <td>0.003911</td>\n",
       "      <td>-0.276769</td>\n",
       "      <td>0.066004</td>\n",
       "      <td>0.699949</td>\n",
       "      <td>0.787194</td>\n",
       "      <td>-0.503270</td>\n",
       "      <td>0.519067</td>\n",
       "      <td>-0.428815</td>\n",
       "      <td>0.565468</td>\n",
       "      <td>1.000000</td>\n",
       "      <td>0.312761</td>\n",
       "    </tr>\n",
       "    <tr>\n",
       "      <th>proline</th>\n",
       "      <td>0.643720</td>\n",
       "      <td>-0.192011</td>\n",
       "      <td>0.223626</td>\n",
       "      <td>-0.440597</td>\n",
       "      <td>0.393351</td>\n",
       "      <td>0.498115</td>\n",
       "      <td>0.494193</td>\n",
       "      <td>-0.311385</td>\n",
       "      <td>0.330417</td>\n",
       "      <td>0.316100</td>\n",
       "      <td>0.236183</td>\n",
       "      <td>0.312761</td>\n",
       "      <td>1.000000</td>\n",
       "    </tr>\n",
       "  </tbody>\n",
       "</table>\n",
       "</div>"
      ],
      "text/plain": [
       "                               alcohol  malic_acid       ash   \n",
       "alcohol                       1.000000    0.094397  0.211545  \\\n",
       "malic_acid                    0.094397    1.000000  0.164045   \n",
       "ash                           0.211545    0.164045  1.000000   \n",
       "alcalinity_of_ash            -0.310235    0.288500  0.443367   \n",
       "magnesium                     0.270798   -0.054575  0.286587   \n",
       "total_phenols                 0.289101   -0.335167  0.128980   \n",
       "flavanoids                    0.236815   -0.411007  0.115077   \n",
       "nonflavanoid_phenols         -0.155929    0.292977  0.186230   \n",
       "proanthocyanins               0.136698   -0.220746  0.009652   \n",
       "color_intensity               0.546364    0.248985  0.258887   \n",
       "hue                          -0.071747   -0.561296 -0.074667   \n",
       "od280/od315_of_diluted_wines  0.072343   -0.368710  0.003911   \n",
       "proline                       0.643720   -0.192011  0.223626   \n",
       "\n",
       "                              alcalinity_of_ash  magnesium  total_phenols   \n",
       "alcohol                               -0.310235   0.270798       0.289101  \\\n",
       "malic_acid                             0.288500  -0.054575      -0.335167   \n",
       "ash                                    0.443367   0.286587       0.128980   \n",
       "alcalinity_of_ash                      1.000000  -0.083333      -0.321113   \n",
       "magnesium                             -0.083333   1.000000       0.214401   \n",
       "total_phenols                         -0.321113   0.214401       1.000000   \n",
       "flavanoids                            -0.351370   0.195784       0.864564   \n",
       "nonflavanoid_phenols                   0.361922  -0.256294      -0.449935   \n",
       "proanthocyanins                       -0.197327   0.236441       0.612413   \n",
       "color_intensity                        0.018732   0.199950      -0.055136   \n",
       "hue                                   -0.273955   0.055398       0.433681   \n",
       "od280/od315_of_diluted_wines          -0.276769   0.066004       0.699949   \n",
       "proline                               -0.440597   0.393351       0.498115   \n",
       "\n",
       "                              flavanoids  nonflavanoid_phenols   \n",
       "alcohol                         0.236815             -0.155929  \\\n",
       "malic_acid                     -0.411007              0.292977   \n",
       "ash                             0.115077              0.186230   \n",
       "alcalinity_of_ash              -0.351370              0.361922   \n",
       "magnesium                       0.195784             -0.256294   \n",
       "total_phenols                   0.864564             -0.449935   \n",
       "flavanoids                      1.000000             -0.537900   \n",
       "nonflavanoid_phenols           -0.537900              1.000000   \n",
       "proanthocyanins                 0.652692             -0.365845   \n",
       "color_intensity                -0.172379              0.139057   \n",
       "hue                             0.543479             -0.262640   \n",
       "od280/od315_of_diluted_wines    0.787194             -0.503270   \n",
       "proline                         0.494193             -0.311385   \n",
       "\n",
       "                              proanthocyanins  color_intensity       hue   \n",
       "alcohol                              0.136698         0.546364 -0.071747  \\\n",
       "malic_acid                          -0.220746         0.248985 -0.561296   \n",
       "ash                                  0.009652         0.258887 -0.074667   \n",
       "alcalinity_of_ash                   -0.197327         0.018732 -0.273955   \n",
       "magnesium                            0.236441         0.199950  0.055398   \n",
       "total_phenols                        0.612413        -0.055136  0.433681   \n",
       "flavanoids                           0.652692        -0.172379  0.543479   \n",
       "nonflavanoid_phenols                -0.365845         0.139057 -0.262640   \n",
       "proanthocyanins                      1.000000        -0.025250  0.295544   \n",
       "color_intensity                     -0.025250         1.000000 -0.521813   \n",
       "hue                                  0.295544        -0.521813  1.000000   \n",
       "od280/od315_of_diluted_wines         0.519067        -0.428815  0.565468   \n",
       "proline                              0.330417         0.316100  0.236183   \n",
       "\n",
       "                              od280/od315_of_diluted_wines   proline  \n",
       "alcohol                                           0.072343  0.643720  \n",
       "malic_acid                                       -0.368710 -0.192011  \n",
       "ash                                               0.003911  0.223626  \n",
       "alcalinity_of_ash                                -0.276769 -0.440597  \n",
       "magnesium                                         0.066004  0.393351  \n",
       "total_phenols                                     0.699949  0.498115  \n",
       "flavanoids                                        0.787194  0.494193  \n",
       "nonflavanoid_phenols                             -0.503270 -0.311385  \n",
       "proanthocyanins                                   0.519067  0.330417  \n",
       "color_intensity                                  -0.428815  0.316100  \n",
       "hue                                               0.565468  0.236183  \n",
       "od280/od315_of_diluted_wines                      1.000000  0.312761  \n",
       "proline                                           0.312761  1.000000  "
      ]
     },
     "execution_count": 5,
     "metadata": {},
     "output_type": "execute_result"
    }
   ],
   "source": [
    "df_wine.corr()"
   ]
  },
  {
   "cell_type": "markdown",
   "id": "8f169747-c40d-42ac-aea5-d4c41f1841a5",
   "metadata": {},
   "source": [
    "## 主成分分析"
   ]
  },
  {
   "cell_type": "code",
   "execution_count": 6,
   "id": "289f3da3-d89a-4319-a8ff-cef90796face",
   "metadata": {
    "tags": []
   },
   "outputs": [],
   "source": [
    "X = df_wine.iloc[:, :-1].values  # classカラム以外を取得\n",
    "y = df_wine.iloc[:, -1].values  # classカラムを取得"
   ]
  },
  {
   "cell_type": "markdown",
   "id": "c25c2347-9d11-40e9-8fc5-ef3d1b7a79f1",
   "metadata": {},
   "source": [
    "### 標準化"
   ]
  },
  {
   "cell_type": "code",
   "execution_count": 8,
   "id": "6f2b1ab3-833e-44e9-a70d-b4478a02bb1c",
   "metadata": {
    "tags": []
   },
   "outputs": [
    {
     "data": {
      "text/plain": [
       "array([[ 1.51861254, -0.5622498 ,  0.23205254, ...,  0.25171685,\n",
       "         0.36217728,  1.84791957],\n",
       "       [ 0.24628963, -0.49941338, -0.82799632, ..., -0.29332133,\n",
       "         0.40605066,  1.1134493 ],\n",
       "       [ 0.19687903,  0.02123125,  1.10933436, ...,  0.26901965,\n",
       "         0.31830389,  0.78858745],\n",
       "       ...,\n",
       "       [ 0.33275817,  1.74474449, -0.38935541, ...,  2.22423597,\n",
       "        -1.61212515, -1.48544548],\n",
       "       [ 0.20923168,  0.22769377,  0.01273209, ...,  1.83492299,\n",
       "        -1.56825176, -1.40069891],\n",
       "       [ 1.39508604,  1.58316512,  1.36520822, ...,  1.79166599,\n",
       "        -1.52437837, -1.42894777]])"
      ]
     },
     "execution_count": 8,
     "metadata": {},
     "output_type": "execute_result"
    }
   ],
   "source": [
    "sc = StandardScaler()\n",
    "X_std = sc.fit_transform(X)\n",
    "\n",
    "X_std"
   ]
  },
  {
   "cell_type": "markdown",
   "id": "ac8d92d2-e909-4c42-8353-a4cd05d72264",
   "metadata": {},
   "source": [
    "### 分散共分散行列"
   ]
  },
  {
   "cell_type": "code",
   "execution_count": 9,
   "id": "5fa7128a-81f0-40c5-8c4c-8d5b53faf23a",
   "metadata": {
    "tags": []
   },
   "outputs": [
    {
     "data": {
      "text/plain": [
       "array([[ 1.00564972,  0.09493026,  0.21273976, -0.31198788,  0.27232816,\n",
       "         0.29073446,  0.23815287, -0.15681042,  0.13747022,  0.549451  ,\n",
       "        -0.07215255,  0.07275191],\n",
       "       [ 0.09493026,  1.00564972,  0.16497228,  0.29013035, -0.05488343,\n",
       "        -0.3370606 , -0.41332866,  0.29463237, -0.22199334,  0.25039204,\n",
       "        -0.56446685, -0.37079354],\n",
       "       [ 0.21273976,  0.16497228,  1.00564972,  0.44587209,  0.28820583,\n",
       "         0.12970824,  0.11572743,  0.1872826 ,  0.00970647,  0.2603499 ,\n",
       "        -0.07508874,  0.00393333],\n",
       "       [-0.31198788,  0.29013035,  0.44587209,  1.00564972, -0.0838039 ,\n",
       "        -0.32292752, -0.353355  ,  0.36396647, -0.19844168,  0.01883781,\n",
       "        -0.27550299, -0.27833221],\n",
       "       [ 0.27232816, -0.05488343,  0.28820583, -0.0838039 ,  1.00564972,\n",
       "         0.21561254,  0.19688989, -0.25774204,  0.23777643,  0.20107967,\n",
       "         0.05571118,  0.06637684],\n",
       "       [ 0.29073446, -0.3370606 ,  0.12970824, -0.32292752,  0.21561254,\n",
       "         1.00564972,  0.86944804, -0.45247731,  0.61587304, -0.05544792,\n",
       "         0.43613151,  0.70390388],\n",
       "       [ 0.23815287, -0.41332866,  0.11572743, -0.353355  ,  0.19688989,\n",
       "         0.86944804,  1.00564972, -0.54093859,  0.65637929, -0.17335329,\n",
       "         0.54654907,  0.79164133],\n",
       "       [-0.15681042,  0.29463237,  0.1872826 ,  0.36396647, -0.25774204,\n",
       "        -0.45247731, -0.54093859,  1.00564972, -0.36791202,  0.13984265,\n",
       "        -0.26412347, -0.50611293],\n",
       "       [ 0.13747022, -0.22199334,  0.00970647, -0.19844168,  0.23777643,\n",
       "         0.61587304,  0.65637929, -0.36791202,  1.00564972, -0.02539259,\n",
       "         0.29721399,  0.52199968],\n",
       "       [ 0.549451  ,  0.25039204,  0.2603499 ,  0.01883781,  0.20107967,\n",
       "        -0.05544792, -0.17335329,  0.13984265, -0.02539259,  1.00564972,\n",
       "        -0.52476129, -0.43123763],\n",
       "       [-0.07215255, -0.56446685, -0.07508874, -0.27550299,  0.05571118,\n",
       "         0.43613151,  0.54654907, -0.26412347,  0.29721399, -0.52476129,\n",
       "         1.00564972,  0.56866303],\n",
       "       [ 0.07275191, -0.37079354,  0.00393333, -0.27833221,  0.06637684,\n",
       "         0.70390388,  0.79164133, -0.50611293,  0.52199968, -0.43123763,\n",
       "         0.56866303,  1.00564972]])"
      ]
     },
     "execution_count": 9,
     "metadata": {},
     "output_type": "execute_result"
    }
   ],
   "source": [
    "cov_mat = np.cov(X_std.T)\n",
    "\n",
    "cov_mat"
   ]
  },
  {
   "cell_type": "code",
   "execution_count": 15,
   "id": "25561466-561d-42f6-bb22-b335fbf9aaf4",
   "metadata": {
    "tags": []
   },
   "outputs": [
    {
     "data": {
      "text/plain": [
       "array([4.42079223, 2.18758658, 1.42758975, 0.89289016, 0.82042272,\n",
       "       0.63552536, 0.55097787, 0.34868444, 0.10400644, 0.17046215,\n",
       "       0.26100162, 0.24785727])"
      ]
     },
     "execution_count": 15,
     "metadata": {},
     "output_type": "execute_result"
    }
   ],
   "source": [
    "# 分散共分散行列の固有値、固有ベクトルを作成\n",
    "eigen_vals, eigen_vecs = np.linalg.eig(cov_mat)\n",
    "\n",
    "eigen_vals"
   ]
  },
  {
   "cell_type": "code",
   "execution_count": 16,
   "id": "800a57c4-f00e-423e-9f7e-5235c583ed44",
   "metadata": {
    "tags": []
   },
   "outputs": [],
   "source": [
    "# 固有値、固有ベクトルのペアを作成\n",
    "eigen_pairs = [(np.abs(eigen_vals[i]), eigen_vecs[:,i]) for i in range(len(eigen_vals))]\n",
    "# 上記のペアを固有値の大きい順にソート\n",
    "eigen_pairs.sort(key=lambda k: k[0], reverse=True)"
   ]
  },
  {
   "cell_type": "code",
